74 29 23 27 17 99 71 25  49  32 29 34 27 63 32 25 17 99 60  62 25 34 95 29 53
59 82 27 71 29 77 99  34 27 91 17 99 71 49 99 27 15 60 32 25  50 27 17 62 27 95 27
50 25 91 32 59 77  95 29 50 25 99 59  25 99 74 29 53 25 59 17 99 25 91 23 49 71 25
17 99 60  49  25 34 32 25 71 95 27 82 27 32 32 25  29 50 17 25 15 77 99 32 59 77
62 95 25 53 95 29 23 32 25 17 99 60  34 15 35  17 27 99 27 71 25 12 25  99 95 29 45
49 74 29  62 95 27 63 34 27  71 17 27 12 25  50 27 17 62 27 95 27 50 25 91 32 29
35  95 29 50 25 99 29  17 29 82 49 83  62 25  17 27 50 27  62 95 25 34 59 74 99 25
71  50 27 53 25 62 29 17 32 25 17 99 49  17 71 35 53 29 32 29  17  32 29 15 49 23
49 27 82  32 29 34 27 63 32 25  95 29 50 25 99 29 77 10 27 12 25  25 50 25 95 59 34
25 71 29 32 49 35  49 95 27 53 27 95 71 49 95 25 71 29 32 49 27 82  74 95 49 99 49 23
32 89 83  74  25 99 74 29 53 59  50 15 25 74 25 71  62 49 99 29 32 49 35  49  53
29 62 25 82 49 32 29 77 10 49 83  59 17 99 95 25 91 17 99 71  34 15 35  62 25 17 15
27 34 32 49 83  25 62 99 49 82 29 15 60 32 25  62 95 49 82 27 32 27 32 49 27  34 49
17 74 25 71 89 83  82 29 17 17 49 71 25 71  12 25 95 35 23 27 91  53 29 82 27 32 89
74 29 23 27 17 99 71 25  49  32 29 34 27 63 32 25 17 99 60  95 29 50 25 99 89  34
25 17 99 49 12 29 27 99 17 35  25 62 99 49 82 49 53 29 67 49 27 91  62 95 25 12 95 29
82 82 32 25 12 25  25 50 27 17 62 27 23 27 32 49 35 